tp_s	fp_s	fn_s	tn_s
677186	5413769	0	0
670999	5361643	6187	52126
664922	5309038	12264	104731
658715	5256584	18471	157185
652639	5204082	24547	209687
646608	5151272	30578	262497
640500	5099110	36686	314659
634371	5047005	42815	366764
628360	4994951	48826	418818
622088	4942528	55098	471241
616057	4890221	61129	523548
609958	4837946	67228	575823
603817	4786283	73369	627486
597821	4734578	79365	679191
591719	4683058	85467	730711
585731	4630987	91455	782782
579694	4579348	97492	834421
573641	4527454	103545	886315
567561	4475787	109625	937982
561372	4424120	115814	989649
555448	4372596	121738	1041173
549262	4321309	127924	1092460
543139	4269986	134047	1143783
537184	4218689	140002	1195080
531235	4167595	145951	1246174
525190	4116736	151996	1297033
519114	4066084	158072	1347685
513286	4015066	163900	1398703
507467	3964342	169719	1449427
501404	3913756	175782	1500013
495448	3862997	181738	1550772
489516	3812359	187670	1601410
483635	3762114	193551	1651655
477687	3711848	199499	1701921
471693	3661931	205493	1751838
465858	3611795	211328	1801974
459950	3561886	217236	1851883
454054	3512283	223132	1901486
448289	3463389	228897	1950380
442473	3414220	234713	1999549
436664	3365281	240522	2048488
430934	3316445	246252	2097324
425071	3267773	252115	2145996
419448	3219358	257738	2194411
413638	3171298	263548	2242471
407967	3123324	269219	2290445
402259	3075687	274927	2338082
396515	3028067	280671	2385702
390822	2980801	286364	2432968
385245	2933857	291941	2479912
379592	2886539	297594	2527230
374149	2839931	303037	2573838
368649	2793152	308537	2620617
363113	2747135	314073	2666634
357584	2701220	319602	2712549
352041	2655591	325145	2758178
346583	2610143	330603	2803626
341039	2564768	336147	2849001
335576	2519459	341610	2894310
330141	2474520	347045	2939249
324846	2430316	352340	2983453
319429	2386277	357757	3027492
314067	2342035	363119	3071734
308747	2298544	368439	3115225
303492	2255186	373694	3158583
298159	2211859	379027	3201910
293050	2169081	384136	3244688
287927	2126486	389259	3287283
282675	2084663	394511	3329106
277519	2042926	399667	3370843
272403	2001232	404783	3412537
267418	1959904	409768	3453865
262338	1918959	414848	3494810
257224	1878519	419962	3535250
252137	1837974	425049	3575795
247316	1798161	429870	3615608
242322	1758463	434864	3655306
237550	1719265	439636	3694504
232789	1680728	444397	3733041
228092	1642321	449094	3771448
223244	1604341	453942	3809428
218548	1566314	458638	3847455
213886	1528737	463300	3885032
209322	1492069	467864	3921700
204701	1455240	472485	3958529
200213	1418993	476973	3994776
195593	1382782	481593	4030987
191040	1347529	486146	4066240
186550	1312285	490636	4101484
182075	1277645	495111	4136124
177698	1243666	499488	4170103
173474	1209903	503712	4203866
169292	1176704	507894	4237065
164988	1144002	512198	4269767
160886	1111401	516300	4302368
156796	1079401	520390	4334368
152789	1047823	524397	4365946
148674	1016791	528512	4396978
144750	986342	532436	4427427
140869	956111	536317	4457658
137004	926106	540182	4487663
133231	896862	543955	4516907
129493	868174	547693	4545595
125924	839851	551262	4573918
122325	812201	554861	4601568
118750	785015	558436	4628754
115224	758218	561962	4655551
111748	731967	565438	4681802
108316	706174	568870	4707595
104938	681099	572248	4732670
101590	656215	575596	4757554
98354	632223	578832	4781546
95155	608646	582031	4805123
92002	585485	585184	4828284
88950	563111	588236	4850658
85987	540835	591199	4872934
83008	519166	594178	4894603
80117	498219	597069	4915550
77231	477536	599955	4936233
74499	457677	602687	4956092
71871	438196	605315	4975573
69218	419114	607968	4994655
66586	400891	610600	5012878
64104	382905	613082	5030864
61615	365574	615571	5048195
59282	348653	617904	5065116
56955	332328	620231	5081441
54728	316634	622458	5097135
52538	301494	624648	5112275
50404	286933	626782	5126836
48440	272817	628746	5140952
46386	258776	630800	5154993
44415	245706	632771	5168063
42465	232694	634721	5181075
40644	220416	636542	5193353
38836	208418	638350	5205351
37092	196916	640094	5216853
35428	185643	641758	5228126
33796	174687	643390	5239082
32192	164177	644994	5249592
30615	154185	646571	5259584
29159	144698	648027	5269071
27719	135692	649467	5278077
26310	127097	650876	5286672
24957	118698	652229	5295071
23635	110603	653551	5303166
22356	103261	654830	5310508
21170	96108	656016	5317661
20087	89343	657099	5324426
19017	82797	658169	5330972
17935	76740	659251	5337029
16996	70980	660190	5342789
16039	65523	661147	5348246
15068	60466	662118	5353303
14170	55714	663016	5358055
13336	51078	663850	5362691
12479	46664	664707	5367105
11706	42568	665480	5371201
10937	38874	666249	5374895
10281	35285	666905	5378484
9600	31873	667586	5381896
8910	28735	668276	5385034
8271	25686	668915	5388083
7736	22944	669450	5390825
7171	20404	670015	5393365
6633	18075	670553	5395694
6141	15911	671045	5397858
5644	13922	671542	5399847
5237	12074	671949	5401695
4798	10443	672388	5403326
4390	8936	672796	5404833
3992	7574	673194	5406195
3628	6288	673558	5407481
3307	5215	673879	5408554
2969	4245	674217	5409524
2683	3428	674503	5410341
2397	2735	674789	5411034
2113	2128	675073	5411641
1875	1605	675311	5412164
1609	1169	675577	5412600
1380	834	675806	5412935
1152	573	676034	5413196
947	360	676239	5413409
723	216	676463	5413553
555	107	676631	5413662
377	51	676809	5413718
254	15	676932	5413754
151	6	677035	5413763
78	2	677108	5413767
42	1	677144	5413768
13	1	677173	5413768
1	0	677185	5413769