tp_s	fp_s	fn_s	tn_s
677186	5413769	0	0
671128	5361142	6058	52627
664881	5308662	12305	105107
658827	5256137	18359	157632
652630	5203332	24556	210437
646685	5151001	30501	262768
640555	5098633	36631	315136
634453	5045949	42733	367820
628320	4993674	48866	420095
622317	4941342	54869	472427
616254	4889378	60932	524391
610209	4837355	66977	576414
604184	4785342	73002	628427
598079	4732914	79107	680855
592080	4681125	85106	732644
585998	4629347	91188	784422
579927	4577380	97259	836389
573807	4525925	103379	887844
567872	4474350	109314	939419
561849	4422694	115337	991075
555808	4371037	121378	1042732
549585	4319640	127601	1094129
543533	4268227	133653	1145542
537517	4216889	139669	1196880
531605	4165374	145581	1248395
525642	4114296	151544	1299473
519678	4063487	157508	1350282
513655	4012674	163531	1401095
507708	3961911	169478	1451858
501786	3911308	175400	1502461
495965	3860255	181221	1553514
490064	3809846	187122	1603923
484100	3759892	193086	1653877
478102	3709931	199084	1703838
472111	3659771	205075	1753998
466186	3609905	211000	1803864
460389	3560320	216797	1853449
454481	3510657	222705	1903112
448702	3461404	228484	1952365
442939	3412334	234247	2001435
437022	3362892	240164	2050877
431112	3313939	246074	2099830
425397	3265337	251789	2148432
419694	3216681	257492	2197088
413973	3168441	263213	2245328
408260	3120302	268926	2293467
402497	3072568	274689	2341201
396835	3025231	280351	2388538
391111	2978203	286075	2435566
385497	2930751	291689	2483018
379841	2883869	297345	2529900
374210	2837249	302976	2576520
368894	2790678	308292	2623091
363268	2744468	313918	2669301
357684	2698578	319502	2715191
352324	2652565	324862	2761204
346808	2607145	330378	2806624
341396	2561896	335790	2851873
336028	2516747	341158	2897022
330541	2472009	346645	2941760
325126	2427429	352060	2986340
319771	2383247	357415	3030522
314356	2339421	362830	3074348
308959	2295429	368227	3118340
303801	2252234	373385	3161535
298595	2209314	378591	3204455
293355	2166627	383831	3247142
288062	2124139	389124	3289630
282853	2081632	394333	3332137
277711	2039825	399475	3373944
272483	1998650	404703	3415119
267461	1957187	409725	3456582
262399	1916306	414787	3497463
257310	1875552	419876	3538217
252246	1835569	424940	3578200
247443	1795487	429743	3618282
242525	1755906	434661	3657863
237735	1716675	439451	3697094
232796	1677907	444390	3735862
228051	1639249	449135	3774520
223195	1601241	453991	3812528
218522	1563181	458664	3850588
213905	1525997	463281	3887772
209303	1489069	467883	3924700
204818	1452889	472368	3960880
200277	1416529	476909	3997240
195733	1380912	481453	4032857
191194	1345338	485992	4068431
186753	1310506	490433	4103263
182223	1275916	494963	4137853
177957	1241785	499229	4171984
173612	1207805	503574	4205964
169254	1174649	507932	4239120
165042	1142104	512144	4271665
160836	1110033	516350	4303736
156691	1078194	520495	4335575
152564	1046824	524622	4366945
148573	1015850	528613	4397919
144686	985162	532500	4428607
140836	954841	536350	4458928
137088	925048	540098	4488721
133419	895802	543767	4517967
129728	867372	547458	4546397
126039	839068	551147	4574701
122374	811304	554812	4602465
118733	784378	558453	4629391
115246	757729	561940	4656040
111772	731106	565414	4682663
108425	705656	568761	4708113
104977	680528	572209	4733241
101681	655747	575505	4758022
98320	631389	578866	4782380
95196	607859	581990	4805910
92009	584793	585177	4828976
88842	562160	588344	4851609
85936	539894	591250	4873875
82945	518513	594241	4895256
80019	497401	597167	4916368
77159	477112	600027	4936657
74456	456832	602730	4956937
71722	437490	605464	4976279
68997	418343	608189	4995426
66496	399832	610690	5013937
63985	381989	613201	5031780
61487	364664	615699	5049105
59036	347758	618150	5066011
56659	331442	620527	5082327
54446	315678	622740	5098091
52313	300451	624873	5113318
50218	285670	626968	5128099
48172	271495	629014	5142274
46110	257614	631076	5156155
44210	244393	632976	5169376
42241	231638	634945	5182131
40370	219171	636816	5194598
38584	207154	638602	5206615
36864	195468	640322	5218301
35191	184088	641995	5229681
33504	173335	643682	5240434
31924	162939	645262	5250830
30397	153020	646789	5260749
28917	143581	648269	5270188
27448	134384	649738	5279385
26048	125855	651138	5287914
24687	117503	652499	5296266
23402	109754	653784	5304015
22155	102200	655031	5311569
20930	95115	656256	5318654
19807	88322	657379	5325447
18781	81872	658405	5331897
17735	75780	659451	5337989
16757	69971	660429	5343798
15815	64714	661371	5349055
14864	59780	662322	5353989
13982	54952	663204	5358817
13129	50432	664057	5363337
12303	46061	664883	5367708
11551	41994	665635	5371775
10847	38181	666339	5375588
10104	34748	667082	5379021
9429	31466	667757	5382303
8813	28221	668373	5385548
8176	25273	669010	5388496
7602	22580	669584	5391189
7083	19998	670103	5393771
6581	17724	670605	5396045
6089	15597	671097	5398172
5583	13654	671603	5400115
5138	11847	672048	5401922
4735	10251	672451	5403518
4325	8752	672861	5405017
3949	7354	673237	5406415
3608	6163	673578	5407606
3306	5126	673880	5408643
2972	4133	674214	5409636
2660	3338	674526	5410431
2372	2687	674814	5411082
2102	2080	675084	5411689
1843	1572	675343	5412197
1588	1120	675598	5412649
1354	803	675832	5412966
1126	556	676060	5413213
910	348	676276	5413421
693	200	676493	5413569
526	97	676660	5413672
353	43	676833	5413726
233	14	676953	5413755
139	6	677047	5413763
71	1	677115	5413768
36	1	677150	5413768
13	1	677173	5413768
1	0	677185	5413769