tp_s	fp_s	fn_s	tn_s
676542	5408441	644	5328
670013	5353428	7173	60341
663479	5298396	13707	115373
657016	5243910	20170	169859
650461	5189077	26725	224692
642648	5123142	34538	290627
636160	5067972	41026	345797
629695	5012951	47491	400818
623301	4958173	53885	455596
615509	4891797	61677	521972
609071	4836069	68115	577700
602620	4780861	74566	632908
596039	4725684	81147	688085
588090	4659216	89096	754553
581406	4603526	95780	810243
574771	4547513	102415	866256
568227	4491747	108959	922022
560182	4425081	117004	988688
553467	4368980	123719	1044789
546945	4313370	130241	1100399
540243	4257529	136943	1156240
533518	4200976	143668	1212793
525395	4133260	151791	1280509
518657	4077333	158529	1336436
511962	4020913	165224	1392856
505228	3964398	171958	1449371
497233	3896319	179953	1517450
490462	3839700	186724	1574069
483497	3783072	193689	1630697
476618	3725921	200568	1687848
468512	3657297	208674	1756472
461567	3600372	215619	1813397
454691	3542824	222495	1870945
447956	3485125	229230	1928644
439616	3416026	237570	1997743
432612	3358628	244574	2055141
425637	3300798	251549	2112971
418704	3242849	258482	2170920
411769	3184387	265417	2229382
403480	3114647	273706	2299122
396295	3056275	280891	2357494
389134	2997846	288052	2415923
381995	2939114	295191	2474655
373382	2868592	303804	2545177
366151	2809605	311035	2604164
358920	2750649	318266	2663120
351816	2691800	325370	2721969
343127	2621348	334059	2792421
335906	2562124	341280	2851645
328786	2502987	348400	2910782
321460	2443797	355726	2969972
312603	2372963	364583	3040806
305049	2313608	372137	3100161
297580	2254027	379606	3159742
290184	2195037	387002	3218732
282694	2135606	394492	3278163
273853	2064726	403333	3349043
266380	2005758	410806	3408011
259018	1946829	418168	3466940
251536	1887564	425650	3526205
242686	1817237	434500	3596532
235318	1759028	441868	3654741
227943	1701020	449243	3712749
220460	1642900	456726	3770869
211553	1574056	465633	3839713
204059	1517050	473127	3896719
196762	1460284	480424	3953485
189334	1404025	487852	4009744
180516	1336842	496670	4076927
173164	1281294	504022	4132475
165903	1226414	511283	4187355
158831	1172279	518355	4241490
151796	1118580	525390	4295189
143555	1055293	533631	4358476
136665	1002665	540521	4411104
129811	951366	547375	4462403
123281	900954	553905	4512815
115393	841908	561793	4571861
108958	793768	568228	4620001
102562	746900	574624	4666869
96402	700650	580784	4713119
89179	647060	588007	4766709
83192	603235	593994	4810534
77487	561281	599699	4852488
71872	520664	605314	4893105
65472	473215	611714	4940554
60197	435101	616989	4978668
55124	398493	622062	5015276
50138	363285	627048	5050484
45382	329898	631804	5083871
39962	291600	637224	5122169
35773	261582	641413	5152187
31945	233281	645241	5180488
28371	206623	648815	5207146
24328	176580	652858	5237189
21299	153461	655887	5260308
18526	132174	658660	5281595
15959	112520	661227	5301249
13200	91366	663986	5322403
11092	75726	666094	5338043
9143	61773	668043	5351996
7444	49353	669742	5364416
5713	36760	671473	5377009
4367	27769	672819	5386000
3240	20308	673946	5393461
2315	14245	674871	5399524
1579	9276	675607	5404493
846	4823	676340	5408946
416	2324	676770	5411445
155	767	677031	5413002
20	114	677166	5413655
0	0	677186	5413769
0	0	677186	5413769
0	0	677186	5413769
0	0	677186	5413769
0	0	677186	5413769
0	0	677186	5413769
0	0	677186	5413769
0	0	677186	5413769
0	0	677186	5413769
0	0	677186	5413769
0	0	677186	5413769
0	0	677186	5413769
0	0	677186	5413769
0	0	677186	5413769
0	0	677186	5413769
0	0	677186	5413769
0	0	677186	5413769
0	0	677186	5413769
0	0	677186	5413769
0	0	677186	5413769
0	0	677186	5413769
0	0	677186	5413769
0	0	677186	5413769
0	0	677186	5413769
0	0	677186	5413769
0	0	677186	5413769
0	0	677186	5413769
0	0	677186	5413769
0	0	677186	5413769
0	0	677186	5413769
0	0	677186	5413769
0	0	677186	5413769
0	0	677186	5413769
0	0	677186	5413769
0	0	677186	5413769
0	0	677186	5413769
0	0	677186	5413769
0	0	677186	5413769
0	0	677186	5413769
0	0	677186	5413769
0	0	677186	5413769
0	0	677186	5413769
0	0	677186	5413769
0	0	677186	5413769
0	0	677186	5413769
0	0	677186	5413769
0	0	677186	5413769
0	0	677186	5413769
0	0	677186	5413769
0	0	677186	5413769
0	0	677186	5413769
0	0	677186	5413769
0	0	677186	5413769
0	0	677186	5413769
0	0	677186	5413769
0	0	677186	5413769
0	0	677186	5413769
0	0	677186	5413769
0	0	677186	5413769
0	0	677186	5413769
0	0	677186	5413769
0	0	677186	5413769
0	0	677186	5413769
0	0	677186	5413769
0	0	677186	5413769
0	0	677186	5413769
0	0	677186	5413769
0	0	677186	5413769
0	0	677186	5413769
0	0	677186	5413769
0	0	677186	5413769
0	0	677186	5413769
0	0	677186	5413769
0	0	677186	5413769
0	0	677186	5413769
0	0	677186	5413769
0	0	677186	5413769
0	0	677186	5413769
0	0	677186	5413769
0	0	677186	5413769
0	0	677186	5413769